$ANSIBLE_VAULT;1.1;AES256
35306335626363366235396635316664616336313035303361376631353665373331356333326664
3239323132336565353939343765636533626665623436340a613136313466303032353636386637
66363839663031356334623030316431353033356334323436623236616535393338626438643134
3631653766396637640a373138396163373830373562326134643334373938343432393735396531
35393666356130616334336463336130336161636164383830363936326161643834303532626535
66623864363037653361663239613437363735623865323864306432383063666530393934333466
63613136353762656366336532353432623234336535343939613736343434663466366364363239
63323036363963313863353933653638643336393334643866643930313536383532323232323030
38613038336134373334343463613736353139313533323835326136666362653433663862356138
33343530656534393063323733356663353432303463666535363532316536386639303232383733
33323833626539313239326537353163303430323435356430643634616431623932306437616135
62653937623439353163383338396435303334376366643764373464396435393565653432326634
31353064383866333963663165616165313337383636633536346161366236356666346331653234
63633631623832656463336638623632376666303066396332366339383865616664383730333562
34663263303832613730383631363561353939393037646330666438323634656432393638326461
32356632666465643565396466393666303764323735306339356661643337376235666139373335
37333364383538613063316330643464656232346338613039663462303734373862373762636263
37373238636464333166346265373537366133663034393435343236623563666237623638653037
34613739376637396532656366663533383363366132663131393731653165373636613334313562
65616637656562653734313236613536396630343432663763663663396335393062663538656535
63393437373534366435363233343734346462653364626139353664613466623931363835386163
31353439376137356130626631636263653336326261356464346531323734633732316662356166
39333862653334633838336534616333346231333834353632613738346136346339633539336366
63613338336131386139
